SPEAKER         id       #SENT      #WORD       Corr        Sub        Ins        Del        Err      S.Err
F02             raw       1785       1785        634       1151          0          0       1151       1151
F02             sys       1785       1785      35.52      64.48       0.00       0.00      64.48      64.48
F03             raw       1783       1783        482       1301          0          0       1301       1301
F03             sys       1783       1783      27.03      72.97       0.00       0.00      72.97      72.97
F04             raw       1759       1759        401       1358          0          0       1358       1358
F04             sys       1759       1759      22.80      77.20       0.00       0.00      77.20      77.20
F05             raw       1785       1785       1545        240          0          0        240        240
F05             sys       1785       1785      86.55      13.45       0.00       0.00      13.45      13.45
M01             raw       1020       1020         94        926          0          0        926        926
M01             sys       1020       1020       9.22      90.78       0.00       0.00      90.78      90.78
M04             raw       1275       1275         81       1194          0          0       1194       1194
M04             sys       1275       1275       6.35      93.65       0.00       0.00      93.65      93.65
M05             raw       1785       1785       1120        665          0          0        665        665
M05             sys       1785       1785      62.75      37.25       0.00       0.00      37.25      37.25
M07             raw       1785       1785        922        863          0          0        863        863
M07             sys       1785       1785      51.65      48.35       0.00       0.00      48.35      48.35
M08             raw       1785       1785       1433        352          0          0        352        352
M08             sys       1785       1785      80.28      19.72       0.00       0.00      19.72      19.72
M09             raw       1785       1785       1383        402          0          0        402        402
M09             sys       1785       1785      77.48      22.52       0.00       0.00      22.52      22.52
M10             raw       1785       1785       1524        261          0          0        261        261
M10             sys       1785       1785      85.38      14.62       0.00       0.00      14.62      14.62
M11             raw       1530       1530        881        649          0          0        649        649
M11             sys       1530       1530      57.58      42.42       0.00       0.00      42.42      42.42
M12             raw       1530       1530        278       1252          0          0       1252       1252
M12             sys       1530       1530      18.17      81.83       0.00       0.00      81.83      81.83
M14             raw       1785       1785       1453        306          0         26        332        332
M14             sys       1785       1785      81.40      17.14       0.00       1.46      18.60      18.60
M16             raw       1530       1530        727        803          0          0        803        803
M16             sys       1530       1530      47.52      52.48       0.00       0.00      52.48      52.48
SUM             raw      24707      24707      12958      11723          0         26      11749      11749
SUM             sys      24707      24707      52.45      47.45       0.00       0.11      47.55      47.55
