SPEAKER         id       #SENT      #WORD       Corr        Sub        Ins        Del        Err      S.Err
F02             raw       1785       1785        772       1013          0          0       1013       1013
F02             sys       1785       1785      43.25      56.75       0.00       0.00      56.75      56.75
F03             raw       1783       1783        586       1197          0          0       1197       1197
F03             sys       1783       1783      32.87      67.13       0.00       0.00      67.13      67.13
F04             raw       1759       1759        416       1343          0          0       1343       1343
F04             sys       1759       1759      23.65      76.35       0.00       0.00      76.35      76.35
F05             raw       1785       1785       1600        185          0          0        185        185
F05             sys       1785       1785      89.64      10.36       0.00       0.00      10.36      10.36
M01             raw       1020       1020         58        962          0          0        962        962
M01             sys       1020       1020       5.69      94.31       0.00       0.00      94.31      94.31
M04             raw       1275       1275         91       1183          0          1       1184       1184
M04             sys       1275       1275       7.14      92.78       0.00       0.08      92.86      92.86
M05             raw       1785       1785       1207        578          0          0        578        578
M05             sys       1785       1785      67.62      32.38       0.00       0.00      32.38      32.38
M07             raw       1785       1785       1057        728          0          0        728        728
M07             sys       1785       1785      59.22      40.78       0.00       0.00      40.78      40.78
M08             raw       1785       1785       1528        257          0          0        257        257
M08             sys       1785       1785      85.60      14.40       0.00       0.00      14.40      14.40
M09             raw       1785       1785       1418        367          0          0        367        367
M09             sys       1785       1785      79.44      20.56       0.00       0.00      20.56      20.56
M10             raw       1785       1785       1608        177          0          0        177        177
M10             sys       1785       1785      90.08       9.92       0.00       0.00       9.92       9.92
M11             raw       1530       1530        942        588          0          0        588        588
M11             sys       1530       1530      61.57      38.43       0.00       0.00      38.43      38.43
M12             raw       1530       1530        360       1170          0          0       1170       1170
M12             sys       1530       1530      23.53      76.47       0.00       0.00      76.47      76.47
M14             raw       1785       1785       1522        263          0          0        263        263
M14             sys       1785       1785      85.27      14.73       0.00       0.00      14.73      14.73
M16             raw       1530       1530        935        595          0          0        595        595
M16             sys       1530       1530      61.11      38.89       0.00       0.00      38.89      38.89
SUM             raw      24707      24707      14100      10606          0          1      10607      10607
SUM             sys      24707      24707      57.07      42.93       0.00       0.00      42.93      42.93
